0
1
2
3
4
7
8
9
10
12
14
15
16
18
21
23
24
25
26
27
28
29
31
32
33
37
38
39
41
42
43
44
46
47
48
49
50
51
52
54
55
57
58
60
62
63
64
65
67
69
70
71
73
75
76
78
79
80
82
84
87
88
89
90
91
94
96
97
99
100
101
102
103
104
105
106
107
108
109
110
111
114
115
117
118
119
120
123
124
126
127
128
129
130
131
133
134
137
138
140
142
143
145
146
147
149
150
151
152
153
154
157
158
159
160
161
162
163
164
166
167
169
170
171
172
178
180
182
184
185
186
187
188
189
190
192
193
197
198
199
200
202
204
205
206
207
208
209
213
214
217
218
220
221
222
223
225
228
229
230
232
233
235
236
237
238
240
241
242
244
245
248
249
250
251
252
255
256
257
258
259
260
261
262
264
266
267
269
270
271
272
273
275
276
277
278
279
280
281
282
283
284
285
286
288
289
290
291
293
294
295
296
297
299
300
302
303
305
307
310
311
312
313
314
315
316
318
321
322
325
326
327
328
329
331
332
333
334
335
336
337
338
339
340
341
342
343
344
345
346
347
348
350
351
353
354
355
357
358
360
361
362
363
364
365
366
367
368
369
371
372
373
374
376
377
378
380
381
383
385
387
393
394
395
396
398
399
401
403
406
408
411
412
413
414
415
416
417
418
419
420
421
422
424
425
426
428
429
430
431
432
434
435
436
437
438
439
440
441
442
445
446
448
449
450
451
452
456
457
458
459
461
466
467
469
471
472
473
474
476
477
478
479
481
483
485
488
489
490
491
492
494
496
500
501
502
503
504
505
509
512
513
517
518
520
521
522
523
525
526
528
530
531
532
533
534
535
536
537
538
539
540
541
542
543
544
545
546
548
550
551
552
553
554
555
557
558
559
560
562
567
569
571
572
573
575
577
579
580
581
582
583
584
585
586
587
588
591
592
594
595
596
597
598
599
600
601
602
603
604
605
607
608
611
613
614
615
616
617
618
620
623
626
628
629
630
631
633
634
635
639
640
641
646
647
648
649
650
652
655
656
657
659
660
663
664
666
667
669
671
673
677
678
679
680
682
685
687
688
689
690
691
693
694
695
696
697
699
702
704
708
709
710
711
712
714
716
717
719
720
721
722
723
728
729
730
731
732
733
735
736
737
740
741
742
746
747
750
753
754
755
757
760
761
762
764
768
769
770
771
772
774
775
776
778
779
780
781
782
784
785
786
787
788
789
790
791
792
794
795
796
797
799
800
802
803
804
805
807
808
809
813
815
816
818
819
820
821
822
823
824
825
826
827
828
829
830
832
835
836
837
838
839
840
841
842
847
850
851
852
853
854
855
857
859
860
861
862
863
865
866
867
868
869
873
874
875
876
877
879
881
882
883
886
887
890
891
892
893
894
895
897
898
899
900
903
907
908
909
911
912
915
916
917
918
919
920
921
924
925
927
928
929
931
932
933
934
935
936
937
939
940
941
942
943
944
945
946
949
950
951
952
953
954
956
957
958
959
960
962
963
967
968
973
975
976
977
978
979
981
982
983
984
985
986
988
990
991
992
993
994
996
999
1000
1003
1004
1005
1006
1007
1009
1011
1012
1013
1014
1015
1019
1020
1021
1023
1024
1027
1032
1033
1034
1035
1036
1037
1038
1039
1040
1041
1042
1043
1044
1045
1046
1047
1049
1050
1052
1054
1055
1057
1058
1059
1060
1061
1062
1063
1064
1066
1067
1070
1072
1073
1074
1075
1078
1079
1081
1082
1086
1088
1089
1090
1091
1093
1096
1097
1098
1100
1101
1102
1103
1104
1105
1106
1107
1108
1109
1111
1112
1116
1117
1118
1122
1123
1124
1125
1126
1127
1129
1130
1132
1134
1135
1136
1137
1139
1140
1141
1142
1143
1146
1148
1149
1150
1151
1153
1154
1156
1157
1158
1159
1160
1161
1162
1163
1164
1165
1166
1167
1168
1169
1170
1172
1173
1174
1177
1178
1180
1181
1183
1184
1185
1186
1187
1188
1189
1190
1192
1194
1197
1198
1199
1202
1203
1204
1205
1206
1207
1209
1212
1213
1215
1216
1217
1219
1220
1221
1222
1223
1224
1226
1228
1229
1231
1232
1233
1234
1235
1236
1237
1238
1241
1243
1244
1246
1247
1249
1250
1251
1252
1254
1256
1257
1259
1260
1263
1264
1266
1269
1273
1276
1280
1281
1282
1283
1284
1285
1286
1288
1289
1290
1291
1292
1293
1294
1295
1296
1297
1298
1299
1300
1301
1303
1304
1305
1308
1309
1311
1313
1315
1317
1321
1323
1324
1325
1326
1327
1329
1330
1332
1333
1334
1335
1336
1337
1339
1340
1342
1343
1346
1347
1348
1350
1351
1353
1354
1356
1357
1358
1359
1361
1362
1364
1365
1366
1367
1370
1371
1372
1373
1374
1375
1376
1377
1378
1379
1380
1381
1382
1383
1385
1387
1389
1390
1391
1392
1393
1395
1397
1399
1401
1403
1404
1406
1410
1412
1414
1417
1418
1422
1423
1424
1426
1427
1428
1430
1431
1432
1434
1437
1438
1439
1440
1442
1445
1446
1447
1448
1450
1451
1453
1454
1455
1457
1458
1460
1461
1462
1464
1465
1466
1467
1468
1469
1470
1471
1472
1473
1474
1476
1477
1479
1480
1482
1484
1485
1486
1487
1488
1489
1490
1491
1492
1498
1499
1500
1502
1503
1505
1508
1510
1511
1516
1517
1518
1519
1520
1521
1522
1524
1525
1526
1527
1529
1531
1532
1535
1537
1539
1540
1541
1542
1545
1546
1548
1549
1550
1551
1552
1553
1554
1555
1556
1557
1558
1559
1560
1561
1562
1563
1564
1565
1566
1567
1568
1569
1570
1571
1576
1577
1578
1579
1580
1581
1584
1586
1587
1588
1589
1590
1592
1594
1595
1596
1599
1600
1601
1602
1603
1607
1608
1609
1611
1612
1614
1615
1616
1617
1618
1619
1620
1622
1623
1624
1625
1626
1627
1629
1630
1633
1634
1637
1640
1641
1642
1643
1644
1645
1646
1647
1648
1650
1653
1654
1655
1656
1659
1660
1661
1662
1663
1664
1665
1667
1670
1671
1672
1673
1675
1676
1677
1678
1679
1680
1681
1682
1683
1684
1685
1686
1688
1690
1691
1692
1695
1696
1697
1698
1699
1700
1701
1702
1703
1704
1705
1708
1709
1710
1712
1713
1714
1715
1716
1717
1718
1720
1722
1724
1725
1726
1727
1730
1731
1732
1734
1737
1738
1739
1740
1741
1743
1744
1745
1746
1747
1748
1749
1751
1753
1755
1756
1757
1758
1759
1760
1761
1762
1763
1764
1766
1770
1772
1776
1777
1779
1780
1781
1782
1783
1784
1785
1787
1788
1790
1791
1792
1793
1794
1795
1797
1801
1802
1805
1809
1810
1811
1812
1813
1814
1815
1817
1818
1819
1820
1821
1822
1824
1825
1827
1829
1830
1831
1832
1833
1835
1837
1839
1840
1841
1842
1843
1845
1846
1847
1848
1849
1850
1851
1852
1853
1854
1855
1857
1858
1859
1860
1861
1862
1864
1865
1866
1868
1870
1871
1872
1873
1875
1876
1878
1879
1881
1882
1883
1884
1885
1888
1891
1892
1893
1894
1895
1896
1899
1900
1901
1902
1903
1904
1905
1906
1907
1908
1909
1911
1912
1913
1914
1915
1916
1917
1918
1919
1920
1921
1922
1923
1924
1925
1928
1929
1930
1932
1933
1935
1936
1937
1939
1941
1942
1943
1944
1945
1946
1947
1951
1952
1955
1956
1959
1962
1963
1965
1966
1967
1969
1970
1971
1973
1976
1977
1978
1979
1984
1986
1987
1990
1994
1995
1996
1997
1998
1999
2000
2001
2002
2004
2005
2006
2007
2009
2011
2014
2017
2019
2020
2021
2022
2023
2025
2026
2027
2028
2030
2031
2032
2034
2036
2038
2039
2040
2041
2042
2044
2045
2046
2047
2048
2049
2050
2051
2052
2053
2054
2055
2056
2057
2058
2059
2060
2064
2067
2068
2069
2071
2072
2074
2076
2078
2079
2080
2081
2082
2084
2086
2088
2091
2093
2094
2095
2097
2098
2099
2102
2103
2104
2105
2106
2107
2108
2109
2110
2114
2116
2117
2119
2121
2123
2124
2126
2127
2128
2130
2132
2134
2135
2136
2137
2138
2139
2140
2141
2143
2146
2147
2148
2149
2150
2152
2158
2159
2161
2162
2163
2164
2165
2166
2167
2168
2169
2171
2172
2174
2175
2176
2178
2180
2184
2185
2186
2189
2190
2191
2192
2194
2195
2196
2197
2200
2202
2204
2205
2206
2207
2208
2210
2211
2212
2214
2215
2216
2217
2218
2219
2220
2221
2222
2223
2224
2225
2226
2227
2228
2229
2230
2231
2232
2233
2234
2235
2236
2237
2239
2240
2243
2245
2247
2250
2252
2253
2254
2255
2256
2257
2258
2259
2260
2262
2263
2264
2266
2267
2268
2269
2270
2271
2272
2273
2274
2275
2276
2277
2278
2280
2281
2282
2283
2284
2285
2286
2287
2288
2289
2290
2291
2292
2293
2295
2296
2297
2298
2299
2300
2301
2302
2304
2305
2308
2310
2311
2312
2313
2314
2316
2317
2319
2320
2321
2322
2323
2325
2326
2328
2329
2331
2332
2334
2335
2339
2340
2342
2344
2345
2346
2347
2348
2349
2350
2351
2352
2354
2355
2356
2357
2358
2359
2360
2362
2364
2365
2367
2368
2369
2370
2371
2372
2373
2374
2375
2376
2377
2378
2379
2380
2381
2383
2384
2386
2387
2388
2389
2390
2391
2392
2393
2395
2396
2398
2399
2401
2404
2405
2406
2409
2412
2413
2414
2415
2416
2418
2421
2423
2424
2425
2426
2427
2428
2429
2431
2432
2433
2434
2435
2436
2437
2439
2440
2441
2442
2443
2445
2446
2449
2450
2452
2453
2454
2455
2456
2457
2459
2460
2463
2464
2466
2469
2473
2474
2476
2478
2479
2481
2482
2484
2487
2488
2491
2492
2494
2495
2496
2497
2499
2500
2503
2504
2505
2506
2507
2509
2511
2512
2514
2515
2516
2517
2518
2519
2520
2521
2522
2523
2525
2526
2528
2529
2530
2532
2536
2537
2538
2540
2541
2542
2543
2544
2545
2548
2550
2551
2552
2553
2555
2556
2557
2559
2560
2561
2562
2565
2566
2567
2568
2569
2570
2571
2572
2573
2574
2575
2576
2577
2581
2582
2585
2586
2587
2588
2589
2594
2595
2596
2599
2600
2601
2602
2603
2604
2605
2606
2607
2608
2610
2611
2613
2614
2616
2617
2619
2620
2621
2622
2623
2626
2627
2629
2630
2632
2633
2634
2635
2636
2637
2639
2640
2642
2643
2644
2645
2646
2647
2648
2650
2651
2652
2655
2656
2657
2658
2659
2662
2663
2665
2668
2669
2670
2671
2672
2674
2676
2680
2681
2683
2684
2685
2686
2688
2690
2691
2692
2693
2694
2696
2697
2698
2700
2701
2702
2703
2704
2707
2708
2711
2712
2713
2714
2715
2716
2717
2719
2720
2722
2723
2724
2725
2729
2731
2733
2734
2735
2736
2738
2739
2741
2742
2743
2744
2745
2746
2749
2751
2753
2755
2756
2757
2758
2759
2760
2761
2762
2763
2764
2765
2766
2767
2769
2770
2771
2773
2774
2775
2776
2779
2780
2781
2785
2786
2787
2788
2790
2791
2792
2793
2794
2797
2798
2800
2801
2803
2804
2805
2806
2807
2810
2811
2813
2814
2815
2816
2817
2818
2821
2824
2827
2828
2829
2831
2832
2833
2836
2837
2838
2839
2841
2842
2843
2845
2846
2847
2848
2850
2851
2852
2856
2858
2859
2860
2861
2863
2864
2865
2866
2867
2868
2870
2871
2872
2873
2874
2875
2876
2877
2878
2879
2880
2881
2882
2883
2885
2887
2890
2892
2895
2896
2897
2900
2901
2902
2904
2906
2907
2910
2911
2913
2914
2915
2916
2917
2918
2919
2920
2922
2923
2924
2925
2926
2927
2928
2930
2931
2933
2934
2936
2937
2939
2940
2941
2942
2943
2947
2948
2952
2953
2954
2957
2959
2960
2961
2962
2963
2964
2965
2966
2967
2968
2970
2972
2973
2975
2976
2977
2978
2980
2981
2982
2983
2984
2987
2988
2990
2992
2993
2995
2996
2998
3000
3001
3002
3003
3004
3010
3012
3013
3017
3018
3020
3021
3022
3023
3024
3025
3026
3028
3029
3031
3032
3035
3036
3037
3038
3039
3040
3041
3043
3045
3046
3047
3051
3052
3053
3054
3055
3060
3061
3062
3063
3064
3065
3068
3069
3070
3071
3073
3074
3076
3078
3080
3081
3082
3083
3084
3085
3086
3087
3088
3089
3092
3093
3094
3096
3097
3103
3105
3106
3107
3108
3110
3112
3113
3114
3115
3123
3125
3126
3127
3128
3129
3130
3131
3133
3135
3136
3137
3139
3140
3141
3142
3145
3146
3147
3151
3152
3153
3154
3155
3156
3157
3158
3160
3161
3162
3163
3164
3165
3166
3167
3169
3170
3171
3172
3173
3174
3177
3179
3180
3182
3183
3185
3186
3187
3189
3190
3191
3195
3196
3197
3199
3200
3201
3202
3203
3207
3209
3210
3211
3212
3214
3215
3216
3217
3219
3220
3222
3223
3224
3225
3228
3231
3232
3233
3234
3235
3236
3238
3241
3242
3243
3244
3245
3246
3247
3249
3253
3255
3256
3258
3259
3261
3263
3264
3265
3266
3267
3268
3271
3272
3273
3274
3275
3276
3277
3278
3280
3281
3282
3283
3284
3285
3286
3287
3288
3289
3290
3291
3292
3293
3294
3295
3296
3297
3298
3300
3301
3302
3303
3304
3307
3308
3311
3313
3314
3315
3316
3317
3318
3320
3321
3322
3323
3324
3325
3327
3328
3329
3330
3332
3334
3339
3340
3341
3344
3345
3346
3347
3348
3349
3350
3351
3352
3356
3357
3358
3360
3361
3362
3364
3365
3367
3370
3373
3376
3377
3378
3379
3381
3382
3383
3384
3385
3386
3387
3389
3390
3391
3392
3393
3395
3396
3397
3398
3401
3402
3403
3404
3406
3407
3408
3411
3412
3413
3414
3417
3418
3419
3420
3421
3422
3423
3424
3426
3430
3432
3434
3436
3437
3438
3440
3441
3444
3445
3446
3447
3449
3451
3453
3454
3455
3458
3460
3461
3462
3463
3464
3465
3466
3468
3469
3470
3472
3474
3476
3477
3478
3480
3481
3482
3483
3484
3485
3486
3487
3488
3490
3491
3492
3493
3494
3497
3498
3500
3501
3502
3503
3504
3505
3507
3508
3509
3511
3513
3514
3516
3517
3518
3519
3521
3523
3525
3526
3527
3529
3530
3531
3535
3536
3537
3538
3540
3541
3542
3545
3546
3547
3549
3552
3553
3554
3555
3556
3557
3559
3560
3561
3562
3563
3564
3565
3566
3569
3570
3571
3572
3575
3576
3577
3578
3580
3582
3584
3588
3589
3591
3592
3593
3594
3595
3596
3597
3598
3602
3604
3605
3606
3607
3610
3611
3612
3614
3615
3617
3618
3619
3620
3621
3622
3624
3625
3626
3630
3631
3635
3636
3637
3640
3641
3642
3643
3646
3647
3650
3651
3652
3653
3654
3655
3656
3657
3658
3659
3660
3661
3663
3664
3665
3667
3670
3671
3672
3673
3674
3676
3677
3678
3679
3680
3681
3682
3683
3684
3685
3686
3688
3689
3690
3691
3692
3693
3695
3696
3697
3698
3700
3701
3702
3703
3706
3707
3708
3710
3711
3714
3715
3716
3717
3718
3720
3722
3725
3728
3730
3733
3734
3735
3736
3737
3738
3739
3741
3742
3743
3747
3749
3751
3752
3753
3754
3757
3759
3760
3761
3763
